809
11
49
20
13
50
41
10
16
22
11
12
17
9
9
12
12
12
24
9
10
10
12
40
12
152
10
29
10
12
11
20
9
12
8
10
14
19
19
129
45
8
14
16
10
8
32
13
11
24
20
13
19
11
7
24
22
15
10
13
34
88
13
17
10
16
8
21
10
44
14
18
9
11
11
8
13
21
42
7
191
14
19
324
22
11
11
48
8
12
13
14
14
78
114
13
21
9
12
17
10
18
22
9
8
13
15
8
11
7
35
21
9
12
10
6
9
17
44
20
66
9
12
13
32
36
25
13
9
16
27
11
28
14
25
14
14
20
20
8
232
8
10
12
27
271
24
9
17
13
10
10
19
9
10
10
16
7
27
9
18
12
10
49
13
11
8
18
7
8
18
71
1324
33
16
14
99
18
19
8
105
11
316
8
183
13
28
11
26
10
9
9
30
926
15
14
7
9
8
26
8
14
9
12
20
20
19
95
10
12
15
85
10
10
22
27
12
12
11
11
13
7
61
8
16
29
26
14
9
13
518
22
39
61
10
9
15
11
6
30
22
22
13
8
6
219
12
13
83
27
89
12
149
18
12
376
19
11
17
38
10
10
42
10
8
8
14
46
8
19
11
47
7
11
84
8
11
8
19
39
18
73
18
15
10
12
8
7
10
77
34
23
9
8
142
9
8
10
13
11
7
90
10
9
817
12
12
10
10
11
9
9
16
8
11
11
17
14
11
12
39
148
9
8
16
74
22
17
50
15
10
18
13
15
11
9
5
22
8
9
21
17
20
12
11
17
7
16
21
13
9
20
20
38
354
23
29
8
14
81
12
22
12
12
14
52
130
11
9
9
24
7
11
13
11
11
8
12
11
9
19
10
9
9
11
12
12
14
17
10
44
17
44
107
11
30
11
22
39
13
9
14
10
8
11
10
16
8
23
10
14
26
14
38
12
11
70
23
35
25
8
74
24
16
23
10
13
7
50
10
58
12
9
10
16
7
108
29
9
11
21
9
12
49
460
16
14
26
10
11
17
11
17
16
21
22
23
11
12
10
50
26
45
11
15
8
83
10
61
10
75
39
12
29
12
11
15
10
26
12
44
27
21
11
107
9
8
18
39
9
12
13
10
9
10
40
9
4
11
9
9
10
12
8
24
53
12
11
8
51
7
17
8
11
61
11
17
48
8
23
18
26
10
10
7
21
20
32
27
45
44
11
16
14
133
9
9
33
14
64
12
19
8
12
12
27
18
12
11
14
10
14
9
127
8
50
9
305
196
9
27
21
30
9
9
8
23
11
26
6
1368
11
15
63
10
10
9
18
8
15
746
19
78
18
9
15
9
8
33
21
13
19
11
9
25
78
35
14
28
40
14
14
28
9
25
68
14
10
11
11
11
12
16
7
24
8
13
63
17
9
11
17
7
21
15
15
31
29
11
8
10
17
17
28
6
13
18
13
144
15
23
476
17
11
15
11
7
11
46
9
20
11
17
7
6
13
8
8
15
26
8
520
8
151
16
11
15
13
23
19
37
100
23
8
764
20
11
9
203
14
15
135
23
6
37
18
35
18
13
14
674
9
10
17
12
16
13
23
12
15
278
15
11
78
7
20
39
17
9
8
14
12
12
21
7
29
12
17
62
37
145
11
13
9
46
19
9
14
12
13
17
8
23
10
5
10
12
33
11
14
9
8
18
15
9
42
8
15
12
40
9
11
18
34
10
13
15
16
16
8
121
15
29
61
10
13
10
16
10
14
44
9
15
543
82
44
9
53
31
67
60
44
8
9
24
10
7
94
8
10
16
23
11
9
9
9
36
23
28
22
52
13
9
17
35
20
8
26
17
12
11
9
101
10
296
23
19
10
6
244
12
8
20
21
11
38
6
15
14
13
51
6
13
15
15
48
24
9
7
12
116
8
15
11
17
13
13
77
42
39
13
11
8
13
199
11
7
9
12
9
15
15
34
5
28
92
13
12
11
14
120
8
12
16
7
8
1364
11
11
9
11
12
13
7
10
19
11
11
39
9
27
9
11
25
9
16
209
13
9
30
22
37
8
10
35
8
14
33
9
7
12
10
185
19
27
16
13
24
17
11
66
9
9
10
22
17
54
46
10
11
8
8
10
51
85
8
8
36
11
13
9
11
9
15
16
10
904
14
24
8
10
13
9
13
9
27
5
30
12
17
36
59
18
18
13
36
11
18
45
9
10
19
21
10
11
482
14
9
9
6
18
14
9
41
8
18
11
89
21
14
17
7
14
10
8
10
18
15
498
8
9
37
23
58
45
20
11
24
11
10
31
13
14
226
20
14
12
10
58
23
8
15
47
14
9
15
9
14
109
106
11
50
25
13
10
12
118
9
18
29
14
24
16
13
8
19
14
26
24
7
12
310
16
7
18
7
9
41
7
12
14
15
8
30
13
11
10
13
13
22
11
22
10
7
7
16
63
37
9
21
10
13
25
16
18
8
8
60
10
10
7
145
5
33
6
16
9
13
33
21
11
11
11
9
10
24
16
14
13
10
12
36
12
8
11
8
6
33
9
68
20
13
11
12
12
21
22
11
10
27
7
28
22
7
15
8
39
26
9
15
18
11
10
7
8
10
10
13
19
14
19
26
10
16
14
8
15
10
13
22
43
6
31
9
11
167
13
11
51
31
9
18
7
10
12
12
10
12
37
16
141
19
24
13
7
19
10
20
34
8
12
23
26
13
139
9
18
15
46
14
15
22
12
10
11
17
12
15
10
11
7
6
18
9
162
21
12
60
12
20
11
20
10
26
9
7
12
11
10
29
12
36
29
25
12
31
14
11
9
14
17
15
6
16
12
7
16
115
7
6
9
8
16
23
9
18
11
17
10
21
17
61
7
17
13
9
33
9
9
16
8
17
9
15
12
51
12
81
14
8
18
50
9
11
20
1175
10
10
10
21
16
25
8
10
17
14
33
10
16
10
8
17
11
10
77
12
13
25
14
36
9
105
9
14
11
9
50
10
21
13
13
7
10
17
10
8
28
8
11
10
28
16
15
17
45
15
12
18
59
15
20
13
14
8
92
12
8
13
42
14
14
17
23
18
13
8
17
12
21
10
13
13
15
21
8
13
438
87
11
17
33
13
257
42
27
39
10
11
12
17
10
112
11
9
15
11
10
10
25
12
9
16
6
38
58
38
8
22
87
12
325
10
16
7
9
24
59
6
10
10
18
15
11
9
20
11
14
22
10
11
32
8
22
8
9
16
7
9
9
12
16
9
9
11
19
20
15
207
21
13
7
26
19
15
7
10
81
14
20
10
12
7
18
118
23
9
9
8
17
319
32
14
9
19
9
13
24
11
16
15
19
13
10
27
17
14
19
12
13
9
10
41
27
13
10
46
218
13
8
10
13
13
8
7
7
20
161
8
22
27
17
26
9
58
10
105
9
9
35
11
10
10
10
7
22
117
12
18
8
8
14
27
9
21
8
7
14
6
14
23
13
13
13
17
10
16
10
10
11
8
8
56
123
10
6
11
17
17
11
15
8
154
19
46
23
12
10
47
10
92
23
14
271
11
10
11
9
40
13
88
8
35
7
12
9
16
11
6
11
801
16
11
30
9
19
32
103
27
46
15
14
25
8
66
12
77
9
16
16
8
8
16
111
16
19
23
23
86
11
17
11
26
28
19
30
21
9
28
12
11
25
20
22
16
18
4
13
15
7
17
24
9
7
986
10
122
9
13
17
21
12
10
29
13
8
10
19
17
39
14
8
16
11
11
12
21
8
11
20
41
14
11
10
10
6
11
31
11
10
221
21
10
11
17
11
12
11
11
62
23
9
95
6
18
58
19
9
11
11
11
20
10
7
17
39
7
10
8
9
12
30
15
10
10
39
9
38
8
19
6
16
11
23
10
20
8
13
23
9
26
11
12
217
57
10
10
9
10
6
12
16
7
7
14
15
16
14
31
9
12
20
77
30
27
287
32
13
9
9
13
26
8
10
13
9
11
8
14
10
58
18
9
9
8
16
11
12
16
12
863
36
13
8
13
196
9
7
16
29
13
19
7
13
8
8
9
14
9
9
12
9
11
10
8
19
9
10
12
11
16
9
10
14
18
39
21
22
19
145
19
8
12
26
9
10
14
11
51
17
10
84
9
55
18
11
14
23
23
15
10
24
9
8
56
28
10
26
8
9
32
11
17
10
18
7
31
13
9
10
17
22
13
11
23
10
25
372
31
11
15
11
10
24
10
21
19
13
54
12
27
26
20
11
18
22
10
8
31
15
11
33
6
8
17
12
10
18
9
21
9
11
30
17
30
33
8
7
9
8
11
10
8
8
16
10
9
8
9
8
51
137
7
157
10
14
20
7
13
305
10
113
13
156
13
35
16
12
13
22
9
17
9
13
10
17
9
87
10
13
15
14
13
10
25
11
24
17
22
9
13
62
12
36
14
20
8
47
23
9
9
9
51
9
13
16
32
7
19
11
17
15
14
45
39
2042
16
13
26
27
9
54
7
15
37
11
8
15
595
26
15
60
15
16
6
22
11
218
8
57
38
25
18
15
10
9
9
67
39
25
8
29
10
10
53
12
12
15
12
33
15
14
20
8
15
18
25
9
10
31
12
18
65
14
13
5
10
11
9
11
19
13
9
36
18
24
9
10
13
16
10
45
10
9
10
18
175
8
8
9
11
8
14
8
11
7
223
10
35
8
15
14
13
9
16
9
13
17
17
13
21
12
27
7
21
11
82
9
14
45
11
28
7
30
46
27
15
29
147
37
12
8
8
37
19
9
7
21
35
107
9
18
48
8
16
13
10
76
43
9
22
9
58
18
151
11
9
11
8
14
614
12
7
15
36
15
17
18
11
38
7
68
10
47
23
11
13
44
7
11
80
9
43
48
780
12
28
11
66
37
12
12
7
8
52
12
29
10
10
12
9
6
10
9
16
45
33
13
163
19
9
10
33
9
45
15
16
23
9
20
11
9
28
9
14
8
10
12
14
8
17
37
25
25
233
38
25
30
18
10
15
11
13
10
40
19
15
19
13
15
12
19
17
13
13
9
11
11
19
55
14
63
9
19
17
9
38
30
15
63
16
22
66
30
12
24
11
12
9
23
11
18
11
12
37
8
18
18
9
9
9
35
12
27
12
54
23
110
12
25
55
17
69
16
13
16
11
35
10
15
29
116
14
9
92
9
9
11
48
17
10
10
13
8
13
15
16
9
10
8
122
11
13
14
12
11
11
11
9
13
8
11
8
22
10
19
12
12
18
25
14
19
12
6
33
20
10
93
9
30
14
9
23
15
20
12
24
15
39
6
6
10
11
9
76
11
14
36
36
7
10
7
8
49
18
51
400
17
11
16
8
19
7
29
25
22
8
36
13
16
13
23
20
10
14
18
26
9
8
41
11
10
14
14
11
10
9
33
10
12
23
11
6
25
9
55
11
8
87
22
55
19
15
13
8
55
8
11
29
12
10
9
15
10
11
17
9
17
83
11
9
7
8
12
25
14
20
9
14
9
24
9
10
71
9
18
10
14
15
12
14
10
21
10
11
8
16
9
14
18
15
10
20
11
10
79
15
11
8
7
56
9
15
9
10
14
14
7
14
7
17
9
17
8
7
15
17
12
20
8
77
10
10
9
10
14
22
11
16
13
8
9
16
9
12
13
21
8
12
84
8
176
36
8
10
16
11
24
15
52
9
14
10
19
7
10
20
18
7
6
9
13
6
173
13
74
23
8
14
9
7
8
10
7
16
30
11
28
19
35
14
30
12
11
78
7
13
25
10
7
10
14
9
235
25
15
10
18
23
9
19
9
13
9
14
10
23
9
7
12
8
9
14
19
11
11
17
25
140
17
9
48
50
48
15
8
27
12
8
11
16
13
8
247
14
20
5
16
7
14
20
8
11
7
10
12
9
15
18
69
8
26
12
11
10
114
33
20
24
21
10
10
31
57
38
8
8
14
21
9
14
7
10
25
17
151
10
29
15
574
8
17
16
9
59
8
11
11
11
16
13
9
7
9
11
9
19
26
11
15
10
18
9
106
18
203
13
6
27
7
8
7
34
7
56
11
9
8
15
17
8
9
10
15
164
13
18
9
11
10
10
9
8
29
16
23
9
35
13
10
14
9
13
12
97
21
287
16
12
8
26
29
15
15
17
9
9
9
14
11
10
10
21
31
8
12
77
10
11
34
18
16
9
9
9
43
12
16
7
55
55
39
39
213
22
14
20
8
36
10
14
13
9
9
8
9
9
7
13
26
12
9
12
16
11
20
12
17
16
8
19
11
19
7
35
10
10
18
23
16
93
9
9
15
31
10
13
15
13
22
13
9
7
29
20
34
12
11
33
29
23
6
14
9
7
121
9
9
8
12
28
10
13
9
34
1008
15
31
23
12
13
11
8
11
8
10
20
22
11
18
11
9
23
20
11
9
11
13
16
11
42
19
68
34
17
66
8
211
35
12
8
31
29
5
21
14
9
14
15
8
42
16
45
18
16
15
36
11
21
16
31
9
12
20
143
96
72
13
10
10
10
10
6
12
23
278
21
12
11
14
47
9
33
22
22
11
7
14
12
41
10
47
36
12
10
13
34
9
21
19
17
9
14
16
11
216
8
13
12
9
12
9
18
49
10
10
12
10
14
12
9
16
59
24
9
7
12
25
19
11
13
9
16
16
12
8
9
9
95
15
12
22
9
8
84
16
18
9
30
7
12
7
14
12
7
9
15
9
21
9
14
12
8
6
8
7
8
21
25
6
27
12
14
12
8
24
16
13
4
16
13
19
10
7
19
44
9
10
10
72
6
10
14
12
8
21
12
12
47
39
23
26
16
26
34
116
172
10
8
11
16
8
23
15
9
8
16
10
85
10
6
41
10
11
9
13
8
58
13
28
9
4
6
20
16
29
20
28
8
9
6
19
14
49
16
9
11
8
18
19
18
10
20
13
11
8
11
56
8
14
20
12
13
14
23
18
81
17
34
10
10
9
9
24
6
20
25
8
57
87
11
8
19
35
29
7
118
15
14
16
127
8
30
7
9
27
17
16
14
19
27
12
9
8
11
15
21
18
8
76
15
10
11
83
9
13
29
9
26
10
13
24
8
9
12
11
10
10
31
10
30
9
16
12
27
15
15
12
9
291
18
11
79
38
9
14
63
12
7
9
30
12
33
14
57
24
77
15
16
24
11
9
11
14
23
13
41
12
11
9
22
8
10
14
12
32
10
10
8
52
15
35
14
42
8
12
17
10
18
25
16
10
8
11
9
83
22
16
20
21
10
31
7
6
23
9
9
17
14
16
12
10
9
10
13
20
10
22
20
9
10
29
11
9
10
238
9
38
9
28
15
12
26
16
16
11
48
21
10
11
11
9
15
17
12
19
8
45
11
11
37
11
10
13
20
11
23
15
24
12
21
7
9
12
21
23
7
40
23
13
9
35
22
47
9
25
17
12
10
49
12
8
11
6
25
14
24
16
19
334
9
9
14
8
17
28
10
12
192
17
28
17
12
11
13
8
11
9
106
16
17
60
30
10
8
38
23
29
9
44
18
16
37
18
15
10
11
11
10
9
8
10
8
49
13
10
15
11
17
19
8
9
10
21
8
11
9
12
11
10
16
12
7
8
10
18
1050
7
18
17
21
9
9
9
12
28
9
15
6
65
23
37
12
10
9
7
15
29
9
7
43
97
8
13
29
222
27
58
7
25
54
7
12
171
12
14
11
16
21
8
12
32
9
9
198
45
8
35
111
17
8
17
27
9
14
10
11
10
24
8
9
14
10
24
8
22
19
10
15
26
8
16
10
10
8
9
9
16
31
29
102
24
10
10
16
89
8
7
8
79
10
22
16
9
13
7
8
1460
15
11
9
10
8
9
11
24
16
12
10
11
44
39
8
10
7
14
10
9
45
8
11
15
59
27
9
9
46
10
16
9
10
10
22
10
24
9
21
22
9
13
20
10
39
23
16
8
9
14
71
7
10
16
15
11
17
24
18
42
10
14
9
291
17
15
14
11
16
15
8
8
11
64
8
29
11
10
250
50
10
9
35
27
12
38
22
124
13
11
8
27
16
23
9
111
29
9
51
21
180
11
9
9
5
31
54
8
10
13
10
332
13
9
31
8
23
9
16
493
13
18
12
10
14
9
15
8
12
12
9
12
8
1042
27
11
13
14
5
32
25
33
6
13
38
96
87
11
20
35
12
9
69
31
8
57
16
17
24
15
17
18
8
10
12
28
11
22
46
10
16
31
13
14
12
21
9
10
13
9
16
274
9
9
8
7
14
16
15
19
13
10
16
20
10
18
17
8
22
10
16
9
6
31
14
8
8
16
170
27
18
55
11
8
8
11
104
17
13
23
16
9
19
53
11
12
18
10
14
10
13
10
6
42
11
9
16
8
11
16
17
8
11
10
165
11
13
11
11
221
30
9
135
988
20
15
22
11
14
13
12
95
27
48
8
7
11
9
17
42
11
27
11
15
6
13
39
10
67
30
19
17
25
13
46
9
21
17
80
31
11
289
8
8
9
16
56
25
9
8
14
15
13
30
15
30
13
52
10
22
7
38
11
11
13
13
13
12
152
6
21
11
13
86
8
9
11
15
13
24
17
12
5
169
21
10
24
9
8
7
131
8
8
23
25
37
8
18
34
21
9
27
32
13
12
15
29
16
11
5
10
25
7
11
10
15
115
11
9
16
8
16
10
14
10
9
13
17
10
13
10
11
13
9
37
10
20
8
13
16
8
12
9
15
18
6
35
15
22
11
11
12
9
19
32
10
12
12
12
13
12
8
12
7
17
28
53
7
24
8
11
27
10
9
39
16
20
537
9
9
11
11
16
76
14
12
121
18
11
19
19
10
9
13
11
28
32
19
9
13
21
23
34
11
12
17
20
1023
11
10
37
631
9
246
10
9
15
53
13
16
9
8
13
17
48
22
9
18
14
16
9
22
70
23
16
9
26
12
21
8
6
8
9
8
15
17
14
8
14
15
8
10
772
11
39
8
254
758
43
15
10
9
456
19
6
8
15
11
7
179
7
17
17
10
8
29
13
15
71
10
20
11
34
36
9
8
8
39
10
366
46
11
7
19
8
98
12
12
9
77
12
9
8
51
480
22
12
19
6
7
60
25
32
8
14
18
129
9
13
67
19
13
12
18
12
8
15
13
8
63
88
10
26
10
10
10
16
50
109
14
11
9
15
9
8
25
9
9
25
63
9
40
29
3202
7
7
14
43
11
13
38
7
10
10
19
10
10
48
18
15
8
35
15
12
12
10
95
22
11
101
13
8
112
9
12
8
19
15
15
7
13
8
12
8
13
12
52
23
15
11
25
90
13
14
17
14
11
13
11
22
10
23
11
11
43
31
16
19
5
354
17
104
18
15
13
10
11
14
29
9
18
11
14
8
9
24
9
7
11
12
7
12
30
12
13
21
13
7
12
7
27
62
95
10
34
15
6
20
11
9
10
16
10
8
12
9
9
10
5
6
8
10
14
15
13
21
12
8
36
54
10
10
12
10
10
8
11
8
12
8
19
13
64
11
44
88
19
39
11
17
23
14
16
11
17
33
10
14
36
7
40
18
53
28
41
7
8
13
15
8
9
16
9
8
7
12
53
30
10
13
8
25
25
12
35
9
29
12
13
8
24
21
10
8
68
46
10
13
9
9
36
10
11
9
13
9
12
79
6
14
11
15
10
29
15
134
12
23
28
52
19
13
26
22
10
23
20
10
21
16
15
21
14
131
8
12
18
7
11
8
9
13
14
9
65
14
9
10
43
18
18
88
10
10
11
19
17
12
9
15
9
19
11
9
8
16
9
23
421
12
82
46
17
62
11
21
11
13
12
9
9
21
11
20
17
12
59
20
17
10
17
8
67
7
7
18
22
20
28
9
26
13
9
22
20
7
9
20
30
23
10
8
31
18
16
21
8
16
23
17
11
12
10
10
12
9
14
10
167
18
10
15
22
10
9
12
9
10
14
10
15
9
18
9
15
50
9
9
30
15
204
24
18
11
9
34
31
8
63
29
21
12
41
11
8
36
9
11
21
24
9
12
17
10
9
12
7
19
10
17
21
9
9
9
1132
26
20
9
16
9
29
7
16
23
14
24
17
17
23
9
13
31
11
39
9
16
14
22
12
21
14
10
19
17
23
133
10
6
8
76
11
29
11
8
10
12
9
14
10
14
9
8
60
11
14
10
17
11
11
10
12
10
9
28
24
8
29
42
17
14
11
24
30
11
21
10
38
18
19
112
11
22
9
13
18
18
21
8
17
17
27
9
39
8
13
16
14
23
14
25
22
23
19
10
208
10
31
19
13
10
23
10
10
94
15
14
9
8
9
11
53
12
11
12
11
17
12
29
10
9
12
13
11
9
10
52
17
15
12
10
21
114
10
14
14
13
15
17
10
71
125
9
15
12
8
17
17
50
18
22
24
10
8
18
8
14
12
7
19
6
15
11
23
9
10
11
10
11
20
10
11
11
18
74
9
135
17
15
18
17
10
16
10
37
77
11
100
38
8
8
12
10
12
20
26
11
10
11
11
24
15
37
31
12
20
9
302
26
194
44
8
8
10
17
30
31
9
19
2458
8
16
20
14
8
21
35
11
8
11
10
18
8
15
9
64
113
15
8
229
9
14
22
14
20
13
2699
12
52
32
11
12
13
10
10
35
14
11
12
24
14
20
8
9
18
23
10
9
51
117
272
18
8
180
12
8
13
8
829
16
15
117
56
71
10
19
9
9
16
14
9
10
81
8
29
10
17
33
21
21
19
16
7
14
27
9
11
8
18
1029
45
21
19
9
21
59
8
12
22
14
51
8
6
10
31
9
14
21
12
12
27
8
9
66
11
123
31
32
7
35
9
10
9
16
12
38
14
9
11
8
8
44
15
18
11
19
11
14
10
19
30
14
111
11
23
8
30
11
69
11
9
9
30
56
61
11
21
13
11
14
15
9
15
13
13
34
18
14
11
12
63
10
45
10
11
8
12
24
10
27
13
26
77
13
9
13
17
12
16
18
13
17
17
17
23
11
10
42
10
26
21
12
97
24
8
13
17
12
15
20
11
32
39
20
16
14
6
9
18
24
8
15
10
70
15
13
7
10
20
12
17
21
17
10
15
9
31
5
36
31
49
65
15
13
9
11
9
12
13
15
10
21
99
14
13
11
6
10
9
16
10
14
8
70
14
32
9
31
20
57
10
18
7
10
19
10
15
9
24
10
23
19
22
20
6
53
12
12
77
23
14
126
10
27
25
24
16
775
19
24
74
21
9
55
8
12
26
24
8
11
10
15
15
6
11
21
24
30
26
52
94
9
8
40
251
20
13
19
8
246
25
15
17
13
15
16
11
10
10
13
26
18
21
17
24
9
8
5
24
19
16
9
7
154
48
14
15
13
9
11
23
16
130
25
21
54
6
9
14
74
8
27
14
9
13
23
16
9
12
12
11
8
25
57
10
9
25
21
22
16
118
66
23
8
14
32
11
18
13
10
22
12
29
65
15
17
14
21
53
23
14
7
64
12
13
18
14
7
10
5
14
17
23
15
14
14
12
10
8
11
150
10
50
12
23
48
30
14
10
51
10
8
26
15
11
12
11
12
141
13
18
18
20
8
9
15
10
62
18
11
10
16
13
13
13
16
27
28
9
28
199
8
8
26
39
17
13
7
24
16
1514
19
9
10
8
9
14
12
11
9
16
7
19
13
10
28
27
6
18
15
8
11
8
14
14
13
20
11
9
12
10
15
23
4
16
7
10
109
10
9
11
8
29
15
11
14
8
7
34
23
18
12
23
7
9
9
10
11
9
23
25
137
14
14
12
9
18
9
7
17
17
131
10
13
9
8
17
28
90
4
9
8
11
8
5
9
16
10
16
7
10
10
18
15
9
17
12
11
8
12
23
15
17
18
40
10
49
8
12
67
9
20
15
13
19
11
9
16
9
29
16
72
9
9
10
14
17
21
14
14
50
7
17
11
15
8
11
12
29
8
106
56
29
11
11
9
8
11
11
9
31
11
10
12
22
9
49
8
11
9
26
28
11
54
18
16
14
391
12
20
15
12
13
18
9
10
22
12
18
11
10
11
13
47
20
14
29
7
17
15
12
11
24
19
12
12
252
21
39
10
14
7
53
36
14
12
7
21
8
187
168
11
9
52
9
8
10
9
58
19
9
10
13
18
20
9
77
10
8
12
731
13
11
143
20
16
10
13
8
8
18
12
19
18
7
16
33
11
7
12
23
21
10
11
8
12
21
13
9
10
16
9
8
10
51
29
20
11
18
23
8
43
10
9
11
9
7
97
10
8
14
11
73
12
19
31
8
12
29
34
12
13
25
20
22
8
49
12
14
20
21
13
22
14
7
10
15
8
16
100
12
10
23
18
7
8
8
34
14
10
12
9
13
27
12
9
26
5
19
8
10
21
14
22
16
8
11
13
154
8
16
16
15
7
10
8
425
12
8
20
22
11
14
13
9
13
81
10
11
13
39
22
21
16
13
68
16
20
30
9
15
15
15
12
11
8
9
62
61
9
22
14
27
10
38
197
13
16
9
11
27
16
14
7
85
21
10
81
25
28
32
8
7
8
26
13
11
10
34
28
27
8
40
23
8
13
11
12
11
20
8
10
41
11
12
11
16
9
42
17
20
13
11
11
10
104
15
32
10
10
16
23
14
24
13
9
18
11
7
9
9
33
24
8
12
20
30
51
9
47
9
47
7
20
34
11
11
11
100
13
36
20
6
14
11
10
24
46
13
17
11
16
11
13
1179
27
10
25
18
28
9
10
9
8
11
19
11
9
9
37
11
10
21
93
74
16
57
20
44
7
23
14
30
7
14
28
10
47
10
56
13
56
25
7
35
33
27
8
21
11
21
44
17
11
12
45
65
8
10
18
34
20
9
24
22
187
10
694
50
21
34
10
23
12
16
13
38
66
24
18
12
6
19
24
39
15
18
10
12
21
13
11
28
8
27
6
173
10
24
9
8
25
14
16
11
9
13
46
16
10
49
77
29
245
35
124
7
9
11
29
10
10
14
16
55
17
185
9
13
89
128
10
9
10
9
18
68
26
9
23
8
44
26
9
25
142
13
9
69
8
15
6
27
12
10
15
12
16
11
10
23
12
10
19
18
22
13
8
32
7
9
17
49
23
14
12
12
17
9
9
11
7
17
19
16
8
22
92
12
19
26
10
7
33
12
9
14
26
12
142
8
7
13
12
27
14
20
8
29
20
15
7
7
100
12
53
9
13
19
15
13
11
38
68
8
108
7
20
78
9
29
30
10
40
21
17
441
11
72
27
18
36
13
10
11
49
26
8
10
19
17
6
12
28
10
10
43
130
23
5
23
10
24
18
11
9
37
8
11
8
26
148
16
6
32
13
18
10
35
91
17
13
22
17
10
24
8
9
24
12
21
18
12
14
23
10
41
19
19
49
21
8
9
47
9
132
21
20
33
16
11
10
48
26
32
21
757
9
10
14
16
8
10
10
38
11
86
20
135
21
7
13
8
10
9
45
18
10
11
12
12
11
6
9
10
441
13
49
7
12
8
22
9
20
30
11
137
28
8
27
16
7
9
22
18
26
8
8
59
18
12
33
8
13
18
29
10
22
11
8
15
36
131
54
83
61
8
9
10
10
75
9
13
11
73
53
15
12
17
19
11
7
40
87
11
40
106
13
911
11
14
27
10
12
67
8
50
13
27
11
18
16
28
37
28
13
10
115
27
32
15
70
18
10
15
17
22
8
8
21
90
23
16
34
13
11
12
13
40
15
15
12
21
5
11
16
10
26
9
11
8
15
8
10
65
15
33
9
13
21
18
30
15
10
15
11
13
11
24
9
16
23
11
6
43
17
14
8
9
9
27
145
11
32
24
9
18
12
9
243
18
14
27
11
26
15
289
9
33
10
39
19
36
4
18
10
60
11
16
12
247
16
15
11
28
22
10
10
7
11
10
9
26
17
14
16
11
16
14
11
30
8
15
13
11
16
7
13
20
14
25
10
30
11
9
12
11
52
162
11
14
10
10
66
8
22
24
22
17
317
13
37
23
35
9
14
36
25
6
16
28
13
11
28
8
30
58
9
15
15
38
134
12
17
8
10
13
16
8
19
103
12
14
22
10
9
19
54
19
60
14
9
16
13
10
7
24
10
17
14
23
9
9
22
14
20
9
14
24
12
15
8
8
20
8
14
14
16
10
10
11
14
19
14
9
11
6
15
1574
23
8
39
11
10
13
91
11
65
8
11
9
22
49
13
19
17
19
15
9
13
14
13
19
11
23
21
14
9
29
14
15
25
14
13
8
58
25
15
86
13
10
14
9
10
9
8
9
12
20
13
9
12
13
8
9
8
76
23
14
10
25
13
11
10
19
9
11
12
12
11
8
14
12
8
9
17
9
12
9
12
79
105
17
10
9
10
10
9
164
23
1001
242
13
20
2284
12
7
22
33
15
44
13
8
15
10
20
9
10
12
18
9
78
10
9
6
8
7
11
71
20
8
9
14
9
94
8
15
11
26
36
13
33
44
29
17
109
13
123
27
12
66
14
13
17
17
8
13
157
16
8
14
12
7
9
10
14
18
8
16
336
71
398
11
8
5
208
6
10
21
17
11
26
21
9
11
10
14
21
12
12
11
51
11
11
38
9
13
12
10
41
18
8
182
12
8
33
8
24
7
17
11
71
17
12
10
11
15
24
9
8
9
67
22
6
30
11
12
10
9
7
17
18
13
62
16
25
9
8
10
10
20
14
11
17
12
25
79
44
10
15
18
12
31
7
10
12
14
6
81
7
16
17
36
15
35
13
12
14
15
22
32
26
257
20
10
21
13
15
23
12
11
11
8
43
11
10
11
55
45
10
16
10
16
37
7
6
39
10
17
13
10
28
8
16
7
390
34
11
17
12
46
29
11
10
17
9
12
14
9
94
13
8
7
27
14
20
9
18
10
48
6
14
16
16
42
26
84
33
1160
8
77
674
14
43
26
74
117
24
228
10
16
46
18
13
11
10
6
145
13
8
11
38
83
10
15
27
23
13
20
6
35
58
10
44
611
14
11
79
14
43
10
12
9
16
9
16
41
10
8
14
17
23
45
134
10
18
13
11
22
23
11
17
13
9
11
10
20
6
31
30
187
8
22
10
20
12
16
58
7
15
16
27
13
21
46
65
13
21
97
14
14
276
7
47
24
8
38
17
29
13
9
30
19
26
12
8
30
10
16
14
7
39
38
8
57
10
6
10
67
11
14
6
8
14
9
23
21
28
9
30
9
15
18
20
15
19
26
12
18
18
29
65
15
11
22
17
14
9
41
10
15
13
18
115
25
22
8
70
17
12
17
415
28
40
13
7
10
10
18
16
19
18
50
13
10
12
17
16
29
16
10
10
10
14
16
18
12
20
22
18
7
17
131
19
18
30
14
11
21
20
15
20
22
50
13
10
16
48
16
87
23
8
50
52
8
23
53
13
48
13
8
12
8
10
7
80
10
817
24
16
13
18
17
11
9
18
11
7
10
67
8
12
14
34
21
36
17
8
19
19
17
9
10
39
6
18
16
127
36
9
16
8
16
19
15
96
12
10
15
16
9
7
13
19
9
55
11
21
18
14
28
28
8
16
6
73
19
12
19
9
29
54
10
10
19
14
7
21
655
15
17
27
13
15
76
9
9
24
32
27
9
25
12
11
11
35
15
8
9
15
96
19
7
33
9
19
16
18
45
10
104
7
40
32
22
14
9
8
54
38
19
15
9
10
23
21
56
10
12
7
13
14
22
10
18
29
10
52
18
12
14
40
15
11
13
11
10
9
24
7
14
8
9
21
16
25
44
16
21
9
21
24
12
10
23
50
9
15
21
15
19
14
15
20
16
13
9
23
43
5
9
16
13
17
11
30
12
13
35
69
22
29
11
12
10
15
8
11
9
169
34
16
15
11
9
12
15
65
12
14
23
14
13
15
13
10
13
21
10
21
8
10
29
208
17
12
24
11
17
9
13
8
13
33
10
10
26
8
13
9
25
11
33
21
71
110
8
45
14
40
22
30
10
40
804
15
15
11
10
10
56
17
24
13
27
11
9
10
9
15
15
69
8
21
32
39
7
12
16
15
24
46
12
25
32
16
200
10
13
8
79
29
16
110
26
51
16
30
50
31
10
10
15
34
12
15
15
9
10
22
22
20
23
11
27
18
8
21
9
9
13
9
51
19
11
8
16
16
281
16
14
16
108
18
13
8
41
12
32
436
15
12
14
29
13
13
12
23
6
11
10
16
37
24
11
149
9
12
29
44
34
18
8
36
18
18
43
9
31
21
30
18
18
11
13
14
16
10
26
15
27
7
10
22
380
14
9
9
15
11
17
15
9
13
9
8
14
38
9
11
21
15
67
10
19
21
12
8
58
7
9
10
11
9
64
17
8
8
9
10
10
10
12
9
11
14
10
16
8
8
40
14
35
132
10
56
31
9
17
10
17
11
8
12
8
16
15
2115
8
26
10
11
24
36
54
12
14
9
31
8
13
38
20
20
9
12
269
17
44
15
11
11
27
7
13
12
64
11
13
12
8
10
28
16
23
195
9
17
121
8
9
8
9
13
38
6
12
11
780
13
31
123
26
14
67
17
7
7
12
8
56
314
13
56
21
8
80
14
10
19
32
21
23
29
11
9
15
10
33
10
10
13
7
8
20
14
10
11
20
13
19
38
9
8
12
26
11
56
39
6
11
27
8
14
17
33
12
9
11
11
7
8
11
13
11
209
11
17
21
11
11
12
16
84
9
12
9
11
24
10
16
12
13
8
124
11
9
13
6
10
11
19
13
24
13
14
14
32
17
10
20
10
12
17
42
26
16
66
9
17
215
16
9
44
18
9
13
13
8
13
12
10
25
11
10
9
7
8
127
26
15
16
31
84
7
9
17
38
8
8
304
10
12
17
24
7
11
8
46
15
41
17
13
10
9
13
17
15
7
13
11
10
18
17
23
7
15
7
13
12
12
70
21
24
8
9
13
42
8
21
28
13
10
37
9
65
8
8
11
23
10
54
9
7
8
12
9
17
10
17
11
11
11
15
15
85
12
12
10
12
21
15
10
34
8
26
10
18
20
19
14
11
12
20
14
31
17
18
233
19
11
38
8
29
19
7
12
12
25
25
13
19
31
134
8
11
15
33
8
8
10
9
15
14
22
10
22
36
18
72
12
20
86
25
12
30
12
24
35
21
14
46
18
9
18
9
9
8
15
8
8
6
113
8
39
13
8
28
12
22
204
58
17
9
20
14
12
18
12
13
68
10
60
7
12
21
9
11
9
7
31
106
9
38
32
29
46
9
17
14
11
25
7
8
12
9
136
11
56
13
15
47
29
16
9
8
1272
12
19
19
12
68
84
11
17
9
70
14
10
27
7
16
16
14
7
37
24
19
10
15
50
11
10
110
15
20
9
9
51
13
39
18
11
66
14
23
9
9
30
86
20
12
12
12
10
10
10
11
42
10
8
17
6
12
10
8
12
16
18
18
10
21
17
14
11
24
30
10
18
20
20
15
17
10
24
12
10
9
14
173
9
8
5
12
7
12
11
15
18
12
8
14
8
8
8
8
18
8
7
10
25
18
14
27
53
38
12
9
18
9
8
386
40
11
8
11
7
15
27
11
83
11
14
21
37
25
10
12
54
15
8
18
262
9
7
11
12
18
9
13
25
9
26
8
19
14
44
12
13
14
12
28
14
15
10
16
13
10
42
21
11
9
12
15
13
17
25
18
16
12
36
29
8
12
11
12
9
9
11
8
15
10
32
19
23
18
20
10
10
9
9
12
10
13
41
186
21
17
27
22
10
73
7
41
11
76
15
27
29
15
21
11
10
27
12
16
53
19
22
17
10
10
339
14
44
16
22
40
12
15
18
19
40
15
36
10
10
19
128
14
10
46
17
9
28
29
11
14
14
25
35
16
8
12
12
19
11
16
12
9
13
10
10
17
18
10
17
10
31
8
8
42
8
22
131
16
13
7
8
13
19
8
11
24
8
9
10
11
10
90
56
34
19
15
11
10
16
15
14
120
17
11
542
11
16
13
62
23
63
16
9
14
11
15
12
21
27
34
27
10
10
13
10
17
7
13
12
10
9
370
13
18
27
36
12
11
15
10
33
13
23
31
10
50
68
34
15
6
22
11
9
29
10
10
9
12
9
20
22
25
34
23
14
12
11
8
25
18
22
12
15
18
8
54
21
11
12
15
53
10
19
7
20
12
22
13
13
176
17
31
8
41
31
13
9
16
12
31
24
13
13
15
12
7
11
6
30
20
48
10
9
20
14
10
9
12
9
7
15
32
18
33
12
91
12
8
9
12
16
8
11
20
11
24
10
11
30
30
9
9
8
42
84
9
8
41
55
18
17
7
15
10
11
17
14
23
21
11
12
21
20
13
23
7
10
18
35
38
10
171
15
8
23
8
34
62
29
10
17
13
9
11
14
8
11
15
15
19
26
14
15
17
10
11
18
15
1746
20
8
26
12
12
8
17
15
8
20
11
12
14
13
52
36
14
22
24
19
56
36
8
10
11
9
17
25
8
12
19
10
17
23
28
16
9
18
19
37
37
8
7
13
42
41
19
10
257
33
12
175
6
11
15
20
7
50
8
13
69
9
13
30
23
19
175
215
11
39
106
8
12
8
9
14
10
12
7
19
17
9
12
9
14
8
8
15
22
666
10
11
14
8
13
10
19
12
14
9
8
6
22
19
10
31
10
10
20
51
13
7
10
13
10
13
19
32
46
15
9
10
8
13
12
6
8
16
8
8
60
9
12
13
13
22
102
22
9
23
7
16
16
6
10
10
14
11
9
12
11
83
33
11
8
12
15
14
11
12
7
9
75
9
17
53
10
17
15
7
14
14
6
10
42
7
6
8
7
7
10
16
11
19
9
20
40
10
12
16
9
21
9
9
17
50
69
20
12
44
39
45
32
14
8
16
22
16
11
11
73
12
14
19
19
36
8
29
13
18
23
11
9
164
16
15
202
109
27
10
13
16
11
10
17
18
387
11
11
30
14
21
13
44
7
10
10
7
18
12
15
3250
11
25
14
9
9
16
8
15
8
18
14
21
15
7
13
10
67
15
17
156
9
17
16
9
12
19
12
12
28
14
13
15
15
15
11
29
9
13
10
12
36
8
18
10
58
15
22
8
8
29
17
27
9
7
9
11
20
16
9
7
12
22
9
52
88
10
16
15
17
39
13
26
9
19
10
12
124
10
121
11
12
76
17
9
17
573
20
15
15
8
14
8
25
15
135
14
12
15
19
10
9
14
7
9
12
34
14
10
12
7
72
48
14
14
9
11
37
44
30
10
14
15
26
10
10
23
606
14
12
11
11
14
16
307
7
15
9
12
52
73
28
12
38
7
13
14
32
48
17
5
9
11
13
7
18
7
14
30
67
10
21
11
24
13
28
18
23
13
16
12
18
9
19
18
14
7
24
9
11
20
7
85
8
10
17
10
18
15
56
19
13
8
30
16
11
12
317
21
17
10
41
6
11
12
31
4119
11
17
8
27
11
9
11
8
13
10
9
27
23
70
8
13
12
20
10
13
9
10
15
9
10
15
10
15
9
211
10
8
20
31
37
8
11
8
13
11
99
13
14
15
24
14
6
29
10
38
18
11
15
7
17
45
33
13
40
26
9
10
13
8
16
9
10
14
11
9
25
111
9
15
13
31
13
12
10
15
21
9
9
478
16
70
142
16
21
22
14
11
14
38
10
7
14
12
27
7
7
31
13
18
20
11
9
21
36
15
12
8
15
17
22
8
9
9
10
22
8
12
147
40
7
11
11
25
9
32
10
24
20
39
13
215
26
25
10
10
19
10
12
59
24
20
30
56
17
8
101
10
7
12
14
24
10
15
24
20
11
10
13
13
57
19
8
14
33
29
10
24
14
17
17
17
10
10
9
27
11
22
39
18
9
13
13
7
48
11
13
11
15
40
23
38
7
21
8
25
10
8
38
17
8
10
23
33
25
146
10
10
8
10
14
54
127
11
12
17
11
16
7
25
6
9
15
237
60
10
96
15
14
32
19
7
14
7
13
29
11
38
59
19
31
21
14
10
19
15
12
22
45
12
9
29
16
84
19
6
9
14
38
38
12
35
73
15
76
16
10
30
9
9
9
10
12
11
17
9
20
10
68
8
19
17
40
10
8
19
16
49
9
10
164
7
106
11
10
11
41
34
10
17
14
13
36
13
17
241
8
19
10
7
116
21
10
15
9
42
28
24
12
19
16
54
16
16
11
7
14
249
9
26
99
24
8
19
38
20
13
23
53
26
26
65
28
51
54
10
12
20
19
9
12
7
11
8
19
17
1186
7
48
21
15
8
18
12
29
13
10
13
21
8
8
14
15
11
11
19
10
45
90
10
8
9
10
22
7
10
12
13
23
10
11
11
16
12
10
23
11
7
21
51
16
12
17
102
7
46
20
33
15
7
25
5
5
9
12
9
22
17
10
16
10
24
24
8
26
12
106
16
18
12
14
10
54
10
9
13
65
180
147
24
12
20
7
11
30
13
15
3135
14
11
9
22
13
43
11
13
10
14
18
18
12
75
10
15
13
15
20
13
17
10
11
14
48
9
11
20
25
12
11
24
25
133
9
16
8
12
21
9
18
13
12
9
16
44
10
6
8
9
12
8
10
11
12
55
100
20
19
8
33
13
30
14
24
26
18
14
12
13
19
17
22
39
9
10
10
9
23
26
39
17
16
48
12
12
24
9
15
8
33
10
22
22
23
9
11
6
67
10
19
12
11
12
18
15
21
467
16
22
31
38
7
24
9
23
13
16
146
7
9
43
8
14
28
11
15
8
9
13
45
18
14
9
22
11
18
67
27
16
17
7
19
9
10
8
17
50
11
10
8
17
87
10
9
14
18
9
9
7
23
11
8
12
16
8
29
9
11
65
20
32
7
8
22
12
53
21
222
24
37
9
9
30
11
27
166
15
13
17
83
39
11
8
18
36
29
17
17
15
56
24
75
9
16
19
22
13
11
16
13
28
9
9
5
9
10
10
27
132
27
10
8
12
11
11
10
20
13
9
34
68
56
9
10
27
10
23
13
26
26
13
27
20
16
8
30
19
25
17
13
11
27
9
12
16
15
22
17
22
39
15
13
10
51
16
10
12
9
8
21
14
12
9
22
10
30
10
125
21
19
8
26
10
16
12
10
10
11
14
10
8
10
7
7
8
15
13
27
24
32
158
25
675
39
7
13
12
17
10
26
37
15
18
119
9
149
9
16
11
10
39
28
12
12
26
27
178
21
19
11
68
11
14
22
11
13
13
9
8
10
8
12
10
8
7
19
25
20
12
11
9
11
12
15
14
11
12
10
10
10
10
16
10
19
12
9
38
7
14
13
17
17
18
35
13
10
11
23
16
59
14
11
8
14
9
71
62
9
9
19
11
7
9
10
22
24
16
11
21
22
9
9
27
20
13
29
15
9
8
19
19
9
13
20
139
10
10
10
12
20
7
9
21
14
19
6
10
28
12
9
14
83
426
15
14
34
63
7
8
7
9
13
9
8
26
10
46
21
23
7
12
32
9
9
23
13
21
44
14
240
10
9
1612
10
23
10
10
10
255
9
16
16
10
17
20
10
14
1809
7
21
10
19
39
7
161
12
23
15
29
114
14
14
9
7
21
6
10
131
18
17
12
10
43
9
12
10
10
25
33
8
11
16
64
8
8
32
9
12
8
7
9
20
22
31
10
8
6
14
22
23
10
8
39
39
7
5
14
9
9
35
19
12
7
8
19
